Histos: StudyGunInHGCAL_

# General event 
h1f 0 nevents ' Number of events ' 1 0.5 1.5

# Generated partices
h1f 10 gen_n   ' Number of gen particles ' 10 0 10
h1f 11 gen_eta ' #eta_{gen} ' 100 -5. 5.
h1f 12 gen_phi ' #phi_{gen} ' 100 -3.14159 3.14159
h1f 13 gen_pt  ' p_{T}^{gen} ' 100 0. 50.
h1f 14 gen_maxhit_dr  ' #Delta R(gen, max hit) ' 300 0. 0.3
1binvh1f 20 gen_ph_deta_vs_eta  ' #Delta#eta(diphoton) ' 100 0. 0.2
ETA 4
1.25 1.75 2.25 2.75 3.25
1binvh1f 25 gen_ph_dphi_vs_eta ' #Delta#phi(diphoton) ' 100 0. 0.2
ETA 4
1.25 1.75 2.25 2.75 3.25

# Simple hit distributions
h1f 50 hit_n ' Number of hits ' 1500 0 1500
h1f 51 hit_energy ' energy of hits ' 1000 0 1.
h2f 52 hit_xy ' hit position ' 1000 -2000. 2000. 1000 -2000. 2000.
h1f 53 hit_dr ' #Delta R wrt gen direction ' 1000 0. 2000.
h2f 54 hit_dxy ' hit position wrt gen direction ' 1000 -2000. 2000. 1000 -2000. 2000.
##h2f 55 hit_dep ' hit #eta,#phi position wrt gen direction ' 1000 -2000. 2000. 1000 -2000. 2000.
#
1binvh2f 100 hit_dxy_eta1_vs_layer ' hit position wrt gen direction ' 80 -100. 100. 80 -100. 100.
LAYER 32
0.5 1.5 2.5 3.5 4.5 5.5 6.5 7.5 8.5 9.5 10.5 11.5 12.5 13.5 14.5 15.5 16.5 17.5 18.5 19.5 20.5 21.5 22.5 23.5 24.5 25.5 26.5 27.5 28.5 29.5 30.5 31.5 32.5
#
1binvh2f 150 hit_dxy_eta2_vs_layer ' hit position wrt gen direction ' 80 -100. 100. 80 -100. 100.
LAYER 32
0.5 1.5 2.5 3.5 4.5 5.5 6.5 7.5 8.5 9.5 10.5 11.5 12.5 13.5 14.5 15.5 16.5 17.5 18.5 19.5 20.5 21.5 22.5 23.5 24.5 25.5 26.5 27.5 28.5 29.5 30.5 31.5 32.5
#
1binvh2f 200 hit_dxy_eta3_vs_layer ' hit position wrt gen direction ' 80 -100. 100. 80 -100. 100.
LAYER 32
0.5 1.5 2.5 3.5 4.5 5.5 6.5 7.5 8.5 9.5 10.5 11.5 12.5 13.5 14.5 15.5 16.5 17.5 18.5 19.5 20.5 21.5 22.5 23.5 24.5 25.5 26.5 27.5 28.5 29.5 30.5 31.5 32.5
#
1binvh2f 250 hit_dxy_eta4_vs_layer ' hit position wrt gen direction ' 80 -100. 100. 80 -100. 100.
LAYER 32
0.5 1.5 2.5 3.5 4.5 5.5 6.5 7.5 8.5 9.5 10.5 11.5 12.5 13.5 14.5 15.5 16.5 17.5 18.5 19.5 20.5 21.5 22.5 23.5 24.5 25.5 26.5 27.5 28.5 29.5 30.5 31.5 32.5

#
1binvh2f 1100 hit_dep_eta1_vs_layer ' hit (#eta,#phi) position wrt gen direction ' 100 -0.1 0.1 100 -0.3 0.3
LAYER 32
0.5 1.5 2.5 3.5 4.5 5.5 6.5 7.5 8.5 9.5 10.5 11.5 12.5 13.5 14.5 15.5 16.5 17.5 18.5 19.5 20.5 21.5 22.5 23.5 24.5 25.5 26.5 27.5 28.5 29.5 30.5 31.5 32.5
#
1binvh2f 1150 hit_dep_eta2_vs_layer ' hit (#eta,#phi) position wrt gen direction ' 100 -0.1 0.1 100 -0.3 0.3
LAYER 32
0.5 1.5 2.5 3.5 4.5 5.5 6.5 7.5 8.5 9.5 10.5 11.5 12.5 13.5 14.5 15.5 16.5 17.5 18.5 19.5 20.5 21.5 22.5 23.5 24.5 25.5 26.5 27.5 28.5 29.5 30.5 31.5 32.5
#
1binvh2f 1200 hit_dep_eta3_vs_layer ' hit (#eta,#phi) position wrt gen direction ' 100 -0.1 0.1 100 -0.3 0.3
LAYER 32
0.5 1.5 2.5 3.5 4.5 5.5 6.5 7.5 8.5 9.5 10.5 11.5 12.5 13.5 14.5 15.5 16.5 17.5 18.5 19.5 20.5 21.5 22.5 23.5 24.5 25.5 26.5 27.5 28.5 29.5 30.5 31.5 32.5
#
1binvh2f 1250 hit_dep_eta4_vs_layer ' hit (#eta,#phi) position wrt gen direction ' 100 -0.1 0.1 100 -0.3 0.3
LAYER 32
0.5 1.5 2.5 3.5 4.5 5.5 6.5 7.5 8.5 9.5 10.5 11.5 12.5 13.5 14.5 15.5 16.5 17.5 18.5 19.5 20.5 21.5 22.5 23.5 24.5 25.5 26.5 27.5 28.5 29.5 30.5 31.5 32.5

#
1binvh1f 2100 hit_deta_eta1_vs_layer ' #eta position wrt gen direction ' 200 -0.1 0.1
LAYER 32
0.5 1.5 2.5 3.5 4.5 5.5 6.5 7.5 8.5 9.5 10.5 11.5 12.5 13.5 14.5 15.5 16.5 17.5 18.5 19.5 20.5 21.5 22.5 23.5 24.5 25.5 26.5 27.5 28.5 29.5 30.5 31.5 32.5
#
1binvh1f 2150 hit_deta_eta2_vs_layer ' #eta position wrt gen direction ' 200 -0.1 0.1
LAYER 32
0.5 1.5 2.5 3.5 4.5 5.5 6.5 7.5 8.5 9.5 10.5 11.5 12.5 13.5 14.5 15.5 16.5 17.5 18.5 19.5 20.5 21.5 22.5 23.5 24.5 25.5 26.5 27.5 28.5 29.5 30.5 31.5 32.5
#
1binvh1f 2200 hit_deta_eta3_vs_layer ' #eta position wrt gen direction ' 200 -0.1 0.1
LAYER 32
0.5 1.5 2.5 3.5 4.5 5.5 6.5 7.5 8.5 9.5 10.5 11.5 12.5 13.5 14.5 15.5 16.5 17.5 18.5 19.5 20.5 21.5 22.5 23.5 24.5 25.5 26.5 27.5 28.5 29.5 30.5 31.5 32.5
#
1binvh1f 2250 hit_deta_eta4_vs_layer ' #eta position wrt gen direction ' 200 -0.1 0.1
LAYER 32
0.5 1.5 2.5 3.5 4.5 5.5 6.5 7.5 8.5 9.5 10.5 11.5 12.5 13.5 14.5 15.5 16.5 17.5 18.5 19.5 20.5 21.5 22.5 23.5 24.5 25.5 26.5 27.5 28.5 29.5 30.5 31.5 32.5

#
1binvh1f 3100 hit_dphi_eta1_vs_layer ' #phi position wrt gen direction ' 200 -0.3 0.3
LAYER 32
0.5 1.5 2.5 3.5 4.5 5.5 6.5 7.5 8.5 9.5 10.5 11.5 12.5 13.5 14.5 15.5 16.5 17.5 18.5 19.5 20.5 21.5 22.5 23.5 24.5 25.5 26.5 27.5 28.5 29.5 30.5 31.5 32.5
#
1binvh1f 3150 hit_dphi_eta2_vs_layer ' #phi position wrt gen direction ' 200 -0.3 0.3
LAYER 32
0.5 1.5 2.5 3.5 4.5 5.5 6.5 7.5 8.5 9.5 10.5 11.5 12.5 13.5 14.5 15.5 16.5 17.5 18.5 19.5 20.5 21.5 22.5 23.5 24.5 25.5 26.5 27.5 28.5 29.5 30.5 31.5 32.5
#
1binvh1f 3200 hit_dohi_eta3_vs_layer ' #phi position wrt gen direction ' 200 -0.3 0.3
LAYER 32
0.5 1.5 2.5 3.5 4.5 5.5 6.5 7.5 8.5 9.5 10.5 11.5 12.5 13.5 14.5 15.5 16.5 17.5 18.5 19.5 20.5 21.5 22.5 23.5 24.5 25.5 26.5 27.5 28.5 29.5 30.5 31.5 32.5
#
1binvh1f 3250 hit_dphi_eta4_vs_layer ' #phi position wrt gen direction ' 200 -0.3 0.3
LAYER 32
0.5 1.5 2.5 3.5 4.5 5.5 6.5 7.5 8.5 9.5 10.5 11.5 12.5 13.5 14.5 15.5 16.5 17.5 18.5 19.5 20.5 21.5 22.5 23.5 24.5 25.5 26.5 27.5 28.5 29.5 30.5 31.5 32.5

#
1binvh1f 4100 hit_efrac01_eta1_vs_layer ' Energy fraction in layer ' 100 0. 1.
LAYER 32
0.5 1.5 2.5 3.5 4.5 5.5 6.5 7.5 8.5 9.5 10.5 11.5 12.5 13.5 14.5 15.5 16.5 17.5 18.5 19.5 20.5 21.5 22.5 23.5 24.5 25.5 26.5 27.5 28.5 29.5 30.5 31.5 32.5
#
1binvh1f 4150 hit_efrac01_eta2_vs_layer ' Energy fraction in layer ' 100 0. 1.
LAYER 32
0.5 1.5 2.5 3.5 4.5 5.5 6.5 7.5 8.5 9.5 10.5 11.5 12.5 13.5 14.5 15.5 16.5 17.5 18.5 19.5 20.5 21.5 22.5 23.5 24.5 25.5 26.5 27.5 28.5 29.5 30.5 31.5 32.5
#
1binvh1f 4200 hit_efrac01_eta3_vs_layer ' Energy fraction in layer ' 100 0. 1.
LAYER 32
0.5 1.5 2.5 3.5 4.5 5.5 6.5 7.5 8.5 9.5 10.5 11.5 12.5 13.5 14.5 15.5 16.5 17.5 18.5 19.5 20.5 21.5 22.5 23.5 24.5 25.5 26.5 27.5 28.5 29.5 30.5 31.5 32.5
#
1binvh1f 4250 hit_efrac01_eta4_vs_layer ' Energy fraction in layer ' 100 0. 1.
LAYER 32
0.5 1.5 2.5 3.5 4.5 5.5 6.5 7.5 8.5 9.5 10.5 11.5 12.5 13.5 14.5 15.5 16.5 17.5 18.5 19.5 20.5 21.5 22.5 23.5 24.5 25.5 26.5 27.5 28.5 29.5 30.5 31.5 32.5
#
#
1binvh1f 5100 hit_efrac02_eta1_vs_layer ' Energy fraction in layer ' 100 0. 1.
LAYER 32
0.5 1.5 2.5 3.5 4.5 5.5 6.5 7.5 8.5 9.5 10.5 11.5 12.5 13.5 14.5 15.5 16.5 17.5 18.5 19.5 20.5 21.5 22.5 23.5 24.5 25.5 26.5 27.5 28.5 29.5 30.5 31.5 32.5
#
1binvh1f 5150 hit_efrac02_eta2_vs_layer ' Energy fraction in layer ' 100 0. 1.
LAYER 32
0.5 1.5 2.5 3.5 4.5 5.5 6.5 7.5 8.5 9.5 10.5 11.5 12.5 13.5 14.5 15.5 16.5 17.5 18.5 19.5 20.5 21.5 22.5 23.5 24.5 25.5 26.5 27.5 28.5 29.5 30.5 31.5 32.5
#
1binvh1f 5200 hit_efrac02_eta3_vs_layer ' Energy fraction in layer ' 100 0. 1.
LAYER 32
0.5 1.5 2.5 3.5 4.5 5.5 6.5 7.5 8.5 9.5 10.5 11.5 12.5 13.5 14.5 15.5 16.5 17.5 18.5 19.5 20.5 21.5 22.5 23.5 24.5 25.5 26.5 27.5 28.5 29.5 30.5 31.5 32.5
#
1binvh1f 5250 hit_efrac02_eta4_vs_layer ' Energy fraction in layer ' 100 0. 1.
LAYER 32
0.5 1.5 2.5 3.5 4.5 5.5 6.5 7.5 8.5 9.5 10.5 11.5 12.5 13.5 14.5 15.5 16.5 17.5 18.5 19.5 20.5 21.5 22.5 23.5 24.5 25.5 26.5 27.5 28.5 29.5 30.5 31.5 32.5
#
#
1binvh1f 6100 hit_efrac04_eta1_vs_layer ' Energy fraction in layer ' 100 0. 1.
LAYER 32
0.5 1.5 2.5 3.5 4.5 5.5 6.5 7.5 8.5 9.5 10.5 11.5 12.5 13.5 14.5 15.5 16.5 17.5 18.5 19.5 20.5 21.5 22.5 23.5 24.5 25.5 26.5 27.5 28.5 29.5 30.5 31.5 32.5
#
1binvh1f 6150 hit_efrac04_eta2_vs_layer ' Energy fraction in layer ' 100 0. 1.
LAYER 32
0.5 1.5 2.5 3.5 4.5 5.5 6.5 7.5 8.5 9.5 10.5 11.5 12.5 13.5 14.5 15.5 16.5 17.5 18.5 19.5 20.5 21.5 22.5 23.5 24.5 25.5 26.5 27.5 28.5 29.5 30.5 31.5 32.5
#
1binvh1f 6200 hit_efrac04_eta3_vs_layer ' Energy fraction in layer ' 100 0. 1.
LAYER 32
0.5 1.5 2.5 3.5 4.5 5.5 6.5 7.5 8.5 9.5 10.5 11.5 12.5 13.5 14.5 15.5 16.5 17.5 18.5 19.5 20.5 21.5 22.5 23.5 24.5 25.5 26.5 27.5 28.5 29.5 30.5 31.5 32.5
#
1binvh1f 6250 hit_efrac04_eta4_vs_layer ' Energy fraction in layer ' 100 0. 1.
LAYER 32
0.5 1.5 2.5 3.5 4.5 5.5 6.5 7.5 8.5 9.5 10.5 11.5 12.5 13.5 14.5 15.5 16.5 17.5 18.5 19.5 20.5 21.5 22.5 23.5 24.5 25.5 26.5 27.5 28.5 29.5 30.5 31.5 32.5

### Single events
#
2binvh2f 10000 hit_dxy_vs_layer_evt ' hit position wrt gen direction ' 80 -200. 200. 80 -200. 200.
EVENT 10
0.5 1.5 2.5 3.5 4.5 5.5 6.5 7.5 8.5 9.5 10.5
LAYER 32
0.5 1.5 2.5 3.5 4.5 5.5 6.5 7.5 8.5 9.5 10.5 11.5 12.5 13.5 14.5 15.5 16.5 17.5 18.5 19.5 20.5 21.5 22.5 23.5 24.5 25.5 26.5 27.5 28.5 29.5 30.5 31.5 32.5
#
2binvh2f 11000 hit_xy_vs_layer_evt ' hit position ' 400 -2000. 2000. 400 -2000. 2000.
EVENT 10
0.5 1.5 2.5 3.5 4.5 5.5 6.5 7.5 8.5 9.5 10.5
LAYER 32
0.5 1.5 2.5 3.5 4.5 5.5 6.5 7.5 8.5 9.5 10.5 11.5 12.5 13.5 14.5 15.5 16.5 17.5 18.5 19.5 20.5 21.5 22.5 23.5 24.5 25.5 26.5 27.5 28.5 29.5 30.5 31.5 32.5
#
2binvh2f 12000 hit_dep_vs_layer_evt ' hit (#eta,#phi) position wrt gen direction ' 100 -0.1 0.1 100 -0.3 0.3
EVENT 10
0.5 1.5 2.5 3.5 4.5 5.5 6.5 7.5 8.5 9.5 10.5
LAYER 32
0.5 1.5 2.5 3.5 4.5 5.5 6.5 7.5 8.5 9.5 10.5 11.5 12.5 13.5 14.5 15.5 16.5 17.5 18.5 19.5 20.5 21.5 22.5 23.5 24.5 25.5 26.5 27.5 28.5 29.5 30.5 31.5 32.5
#
2binvh1f 13000 hit_deta_vs_layer_evt ' hit (#eta) position wrt gen direction ' 400 -0.1 0.1
EVENT 10
0.5 1.5 2.5 3.5 4.5 5.5 6.5 7.5 8.5 9.5 10.5
LAYER 32
0.5 1.5 2.5 3.5 4.5 5.5 6.5 7.5 8.5 9.5 10.5 11.5 12.5 13.5 14.5 15.5 16.5 17.5 18.5 19.5 20.5 21.5 22.5 23.5 24.5 25.5 26.5 27.5 28.5 29.5 30.5 31.5 32.5
#
1binvh2f 14000 hit_dep_vs_evt ' hit (#eta,#phi) position wrt gen direction ' 1000 -0.05 0.05 1000 -0.1 0.1
EVENT 10
0.5 1.5 2.5 3.5 4.5 5.5 6.5 7.5 8.5 9.5 10.5


### Clusters
#
1binvh1f 20000 cl_see_vs_eta  ' #sigma_{#eta#eta} ' 1000 0. 0.05
ETA 4
1.25 1.75 2.25 2.75 3.2
#
1binvh1f 20010 cl_spp_vs_eta  ' #sigma_{#phi#phi} ' 1000 0. 0.1
ETA 4
1.25 1.75 2.25 2.75 3.2
#
1binvh1f 20020 cl_szz_vs_eta  ' #sigma_{iziz} ' 100 0. 30
ETA 4
1.25 1.75 2.25 2.75 3.2
#
1binvh1f 20030 cl_maxlayer_vs_eta  ' max layer ' 34 -0.5 33.5
ETA 4
1.25 1.75 2.25 2.75 3.2
#
1binvh2f 20040 cl_see_layer_vs_eta  ' #sigma_{#eta#eta} vs layer ' 1000 0. 0.05 34 -0.5 33.5
ETA 4
1.25 1.75 2.25 2.75 3.2
#
1binvh2f 20050 cl_spp_layer_vs_eta  ' #sigma_{#phi#phi} vs layer ' 100 0. 0.1 34 -0.5 33.5
ETA 4
1.25 1.75 2.25 2.75 3.2
#
2binvh1f 20060 cl_see_vs_eta_layer  ' #sigma_{#eta#eta} ' 100 0. 0.05
ETA 4
1.25 1.75 2.25 2.75 3.2
LAYER 32
0.5 1.5 2.5 3.5 4.5 5.5 6.5 7.5 8.5 9.5 10.5 11.5 12.5 13.5 14.5 15.5 16.5 17.5 18.5 19.5 20.5 21.5 22.5 23.5 24.5 25.5 26.5 27.5 28.5 29.5 30.5 31.5 32.5
#
2binvh1f 20200 cl_spp_vs_eta_layer  ' #sigma_{#phi#phi} ' 100 0. 0.1
ETA 4
1.25 1.75 2.25 2.75 3.2
LAYER 32
0.5 1.5 2.5 3.5 4.5 5.5 6.5 7.5 8.5 9.5 10.5 11.5 12.5 13.5 14.5 15.5 16.5 17.5 18.5 19.5 20.5 21.5 22.5 23.5 24.5 25.5 26.5 27.5 28.5 29.5 30.5 31.5 32.5

end_Histos




